7
0 184 1094 191
1191 184 2370 191
1124 0 1524 7
1577 0 2052 7
2151 0 2371 7
3257 185 3594 191
3258 0 3594 7
3158 0 3254 6
3010 185 3254 191
2709 185 2948 191
2487 185 2660 191
2486 0 2613 6
2661 0 2901 6
2950 0 3109 6
3168 0 3500 6
183 151 230 183
231 168 278 183
519 169 566 183
615 153 662 183
999 169 1046 183
1107 170 1122 191
1123 155 1190 183
1106 122 1117 149
1118 115 1174 154
1175 126 1190 145
1107 0 1123 22
1107 43 1116 68
1124 7 1190 34
1117 35 1174 75
1175 46 1190 65
1335 168 1381 183 
1382 153 1430 183
1335 8 1382 22
1383 8 1430 38
1525 0 1526 4
1575 0 1576 4
1623 163 1646 183
1647 173 1669 183
1623 8 1646 28
1647 8 1670 17
1719 8 1742 17
1743 8 1766 28
1720 175 1741 183
1742 163 1766 183
1863 8 1910 22
1863 153 1910 183 
2053 0 2054 4 
2055 169 2102 183 
2103 153 2150 183
2103 0 2150 38
2198 118 2236 128
2200 130 2222 143
2215 152 2222 183
2200 171 2214 183
2223 129 2342 183
2250 116 2324 128
2200 8 2214 20
2201 53 2214 62 
2199 63 2233 73
2215 8 2342 63
2250 65 2322 74
2372 0 2373 4
2371 186 2372 191
2476 0 2485 76
2476 116 2486 191
2624 67 2633 122
2634 66 2756 76
2625 123 2756 132
2808 124 2818 184 
2819 122 2900 133
2808 7 2818 75
2819 65 2900 76
3000 129 3009 191
2999 7 3009 75
3096 0 3104 39 
3058 130 3106 141
3096 76 3106 129 
3159 0 3167 35
3159 75 3169 138 
3170 130 3205 140
3248 129 3254 184 
3248 7 3254 75
3498 169 3546 183
3547 153 3594 183
3595 184 3602 191
3501 8 3546 22
3547 8 3594 38
3595 0 3601 7