4
1 48
340 60
388 40
420 47
435 60
450 67
525 120
545 130
565 115
585 110
640 30
660 38
680 34
800 50
817 24
831 20
875 51
900 60
890 70
1620 46
1604 60
2685 22
2155 60
2136 80
2105 105
2722 35
3160 160
3188 165
3183 53
1900 48
1920 60
1942 50
1970 130
2001 123
1982 112
2021 135
2040 124
2087 91
2228 97
2250 95
1583 53
2671 150
2722 147
2752 162
2896 93
1800 120
1817 137
1834 127
1862 100
2 17
1230 92
1218 47
1218 140
1290 53
1365 34
1345 75
1400 120
1320 90
1265 150
1355 130
1430 50
3439 40
3414 124
2564 150
2567 35
2989 58
2986 150
3 3 
860 89
3400 89
1687 70
4 5
720 80 662 153
1476 106 1428 153
2951 90 2890 123
2186 100 2148 153
3728 60 3592 153